2342
2343
2342
2343
2345
2347
2350
2347
2349
2347
2348
2355
2324
2322
2321
2322
2336
2337
2338
2342
2358
2359
2363
2347
2332
2322
2320
2327
2329
2319
2300
2305
2308
2311
2310
2309
2314
2321
2326
2324
2342
2344
2360
2322
2323
2314
2309
2300
2299
2300
2295
2296
2309
2316
2315
2319
2316
2319
2318
2327
2328
2330
2336
2338
2345
2361
2350
2352
2360
2363
2401
2398
2407
2403
2388
2390
2377
2392
2389
2394
2402
2399
2388
2393
2397
2395
2404
2418
2432
2412
2436
2430
2459
2454
2452
2453
2446
2448
2445
2454
2448
2454
2464
2454
2464
2491
2504
2503
2513
2514
2516
2511
2517
2505
2508
2509
2507
2513
2517
2515
2522
2533
2548
2549
2553
2552
2554
2557
2562
2565
2566
2567
2573
2574
2570
2573
2575
2580
2583
2584
2589
2592
2593
2592
2594
2595
2594
2584
2588
2595
2573
2572
2581
2589
2591
2595
2589
2615
2628
2640
2651
2650
2636
2637
2606
2609
2614
2620
2623
2632
2635
2645
2647
2642
2643
2644
2650
2649
2660
2634
2627
2628
2634
2636
2638
2628
2627
2631
2629
2628
2638
2628
2627
2628
2630
2640
2649
2656
2657
2679
2680
2684
2694
2693
2694
2693
2704
2714
2720
2735
2753
2758
2767
2768
2772
2761
2762
2760
2740
2738
2757
2758
2793
2795
2793
2794
2803
2808
2802
2811
2807
2813
2817
2818
2826
2830
2867
2855
2860
2864
2843
2838
2842
2840
2849
2845
2837
2841
2837
2833
2823
2820
2829
2853
2860
2861
2862
2883
2888
2852
2863
2862
2860
2864
2865
2870
2869
2874
2863
2872
2874
2882
2893
2903
2907
2936
2940
2945
2956
2972
2989
2988
2974
2976
2977
2979
2980
2981
2983
2971
2970
2973
2974
2976
3004
2999
3001
3008
3009
3013
3016
3027
3043
3026
3031
3034
3040
3055
3054
3080
3082
3090
3092
3091
3090
3089
3082
3084
3081
3086
3084
3086
3083
3090
3094
3096
3102
3110
3111
3094
3100
3123
3134
3135
3142
3136
3134
3113
3112
3111
3123
3124
3121
3120
3126
3127
3126
3127
3113
3111
3126
3141
3142
3137
3139
3098
3103
3115
3119
3117
3114
3119
3120
3093
3092
3099
3104
3105
3106
3121
3122
3124
3131
3141
3131
3132
3147
3149
3156
3123
3122
3108
3117
3119
3139
3157
3152
3146
3112
3113
3112
3114
3091
3071
3072
3082
3083
3084
3098
3102
3109
3111
3109
3110
3101
3100
3102
3103
3108
3114
3113
3115
3116
3117
3120
3119
3117
3150
3152
3153
3155
3154
3157
3150
3143
3144
3139
3127
3102
3123
3122
3138
3140
3145
3146
3139
3141
3153
3154
3155
3127
3129
3131
3132
3130
3131
3161
3190
3200
3179
3178
3169
3167
3171
3191
3205
3203
3208
3214
3215
3217
3218
3224
3228
3229
3215
3214
3237
3246
3223
3220
3209
3207
3220
3233
3238
3234
3211
3216
3220
3221
3216
3219
3218
3217
3221
3223
3228
3224
3244
3245
3251
3250
3256
3257
3258
3262
3264
3265
3263
3272
3274
3255
3254
3266
3267
3264
3267
3280
3282)
methods(plot)
methods(print)
